0        1        2        3        4        5        6        7
76543210 76543210 76543210 76543210 76543210 76543210 76543210 76543210
-----------------------------------------------------------------------
11100111 10010111 00001101 11101100 00111011 10011100 00100100 00110011
01100101 10010001 00001101 11101100 00111010 10000110 01100011 00010010
01100101 10010011 00001001 11101100 00111010 10000110 01101010 00110011
01100101 10010101 00001101 11101100 00111010 10000100 00101001 00010110
01000101 10000011 01001001 11101100 00111011 10110100 01101000 00000011
11000101 10000001 00001101 11101100 00111010 10000100 00100001 00100010
11001101 10000111 00001001 11101100 00111010 10001110 00100010 00000111
11001101 10000101 00001101 11101100 00111010 10001110 00111011 00000110
11100101 10000011 00001101 11101100 00111010 10001110 01110010 00110111
11100101 10000001 00001001 11101100 00111010 10001110 01110011 00010110
11100101 10000011 00001101 11101100 00111010 10001110 01110001 00110110
01100101 10010101 00001101 11101100 00111010 10000100 00101001 00010110
01100101 10010011 00001001 11101100 00111010 10000110 01101010 00110011
01100101 10010001 00001101 11101100 00111010 10000110 01100011 00010010
11100111 10010111 00001101 11101100 00111011 10011100 00100100 00110011

       0        1        2        3        4        5        6        7
EUR    76543210 76543210 76543210 76543210 76543210 76543210 76543210 76543210
---------------------------------------------------------------------------------------
26     11000111 10010011 00001001 11101100 00111011 10011100 01100100 00010011
25     11100111 10010101 00001001 11101100 00111011 10011100 00100110 00010011
24     11100111 10010111 00001101 11101100 00111011 10011110 00100101 00110010
23     01100101 10010001 00001001 11101100 00111010 10000110 01101000 00010011
22(21) 01100101 10010011 00001001 11101100 00111010 10000100 01101011 00110110
21     01100101 10010101 00001101 11101100 00111010 10000100 00101010 00010111
20     01100101 10010111 00001001 11101100 00111010 10000110 00110001 00110110
19     11100101 10000001 00001101 11101100 00111010 10001110 01110000 00010111
18     11001101 10000011 00001101 11101100 00111010 10001110 01111001 00100110
17     11001101 10000101 00001001 11101100 00111010 10001110 01100000 00100111
16     11000101 10000111 00001001 11101100 00111010 10001100 00100011 00000010



## Pepsi attack (1 EUR):				                                      
						0x100					0x110		 p  p  p  p ??
						0 7 0 7 5 7				0 7 0 7 5 7	16 56 12 16 56
EUR	BCD		BIN10	BIN1		5 4 3 2 1 0				5 4 3 2 1 0	44 33 22 11 00

26	0010 0110	11010	101000101000	0 1 0 0 0 1				0 0 0 0 0 0    	10 10 00 10 00
25	0010 0101	11001	100111000100	1 1 0 0 0 1				0 0 0 0 1 1    	10 10 10 01 00
24	0010 0100	11000	100101100000	1 1 0 0 1 0				0 0 0 0 1 0    	10 10 11 10 01
23	0010 0011	10111	100011111100	1 1 0 0 1 1				0 0 0 1 0 1    	10 01 00 00 00
22(21)	0010 0010	10110	100010011000	1 1 0 1 0 0				0 0 0 1 0 0    	10 01 00 11 01
21	0010 0001	10101	100000110100	1 1 0 1 0 1				0 0 0 1 1 1    	10 01 11 01 00
20	0010 0000 	10100	011111010000	1 1 0 1 1 0				0 0 0 1 1 0    	11 00 10 10 01
19	0001 1001	10011	011101101100	1 1 0 1 1 1				1 1 1 1 1 1    	01 10 01 00 00
18	0001 1000	10010	011100001000	0 0 1 1 1 0				1 1 1 1 1 0    	01 11 01 10 01
17	0001 0111	10001	011010100100	0 0 1 1 1 1				1 1 0 0 0 1    	00 10 10 00 00
16	0001 0110	10000	011001000000	0 0 0 0 0 0				1 1 0 0 0 0    	00 10 10 11 01