

byte:        4255  7604  0676  6266
bit:         7654  3210  7654  3210
-------------------------------------------------------
xor 0x100:   i ii  ii     i i  
xor 0x110:    i i  iiii   iii   iii
-------------------------------------------------------   
addr         N[3]  N[2]  N[1]  N[0]      counter
-------------------------------------------------------
0x100        1010  1000  1011  1010      001110111001
0x110        1010  1000  1100  1011      001110111010
0x100        1010  1000  1101  1100      001110111011
0x110        1010  1000  1110  1101      001110111100
0x100        1010  1000  1111  1110      001110111101
0x110        1011<-1001<-0000  1111      001110111110
0x100        1011  1001  0000<-0000      001110111111
0x110        1011  1001  0001  0001      001111000000
0x100        1011  1001  0010  0010      001111000001
0x110        1011  1001  0011  0011      001111000010
0x100        1011  1001  0100  0100      001111000011
0x110        1011  1001  0101  0101      001111000100
0x100        1011  1001  0110  0110      001111000101
0x110        1011  1001  0111  0111      001111000110
0x100        1011  1001  1000  1000      001111000111
0x110        1011  1001  1001  1001      001111001000
0x100        1011  1001  1010  1010      001111001001
0x110        1011  1001  1011  1011      001111001010
0x100        1011  1001  1100  1100      001111001011
0x110        1011  1001  1101  1101      001111001100
0x100        1011  1001  1110  1110      001111001101
0x110        1011  1001  1111  1111      001111001110
0x100        1011  1001  1111<-0000      001111001111
0x110        1100<-1010<-0000  0001      001111010000
0x100        1100  1010  0001  0010      001111010001
0x110        1100  1010  0010  0011      001111010010
0x100        1100  1010  0011  0100      001111010011
0x110        1100  1010  0100  0101      001111010100
0x100        1100  1010  0101  0110      001111010101
0x110        1100  1010  0110  0111      001111010110
0x100        1100  1010  0111  1000      001111010111
0x110        1100  1010  1000  1001      001111011000
0x100        1100  1010  1001  1010      001111011001
0x110        1100  1010  1010  1011      001111011010
0x100        1100  1010  1011  1100      001111011011
0x110        1100  1010  1100  1101      001111011100
0x100        1100  1010  1101  1110      001111011101
0x110        1100  1010  1110  1111      001111011110
0x100        1100  1010  1110<-0000      001111011111
0x110        1100  1010  1111  0001      001111100000
0x100        1101<-1011<-0000  0010      001111100001
0x110        1101  1011  0001  0011      001111100010
0x100        1101  1011  0010  0100      001111100011
0x110        1101  1011  0011  0101      001111100100
0x100        1101  1011  0100  0110      001111100101
0x110        1101  1011  0101  0111      001111100110
0x100        1101  1011  0110  1000      001111100111
0x110        1101  1011  0111  1001      001111101000
0x100        1101  1011  1000  1010      001111101001
0x110        1101  1011  1001  1011      001111101010
0x100        1101  1011  1010  1100      001111101011
0x110        1101  1011  1011  1101      001111101100
0x100        1101  1011  1100  1110      001111101101
0x110        1101  1011  1101  1111      001111101110
0x100        1101  1011  1101<-0000      001111101111
0x110        1101  1011  1110  0001      001111110000
0x100        1101  1011  1111  0010      001111110001
0x110        1110<-1100<-0000  0011      001111110010
0x100        1110  1100  0001  0100      001111110011
0x110        1110  1100  0010  0101      001111110100
0x100        1110  1100  0011  0110      001111110101
0x110        1110  1100  0100  0111      001111110110
0x100        1110  1100  0101  1000      001111110111
0x110        1110  1100  0110  1001      001111111000
0x100        1110  1100  0111  1010      001111111001
0x110        1110  1100  1000  1011      001111111010
0x100        1110  1100  1001  1100      001111111011
0x110        1110  1100  1010  1101      001111111100
0x100        1110  1100  1011  1110      001111111101
0x110        1110  1100  1100  1111      001111111110
0x100        1110  1100  1100<-0000      001111111111
0x110        1110  1100  1101  0001      010000000000
0x100        1110  1100  1110  0010      010000000001
0x110        1110  1100  1111  0011      010000000010
0x100        1111<-1101<-0000  0100      010000000011
0x110        1111  1101  0001  0101      010000000100
0x100        1111  1101  0010  0110      010000000101
0x110        1111  1101  0011  0111      010000000110
0x100        1111  1101  0100  1000      010000000111
0x110        1111  1101  0101  1001      010000001000
0x100        1111  1101  0110  1010      010000001001
0x110        1111  1101  0111  1011      010000001010
0x100        1111  1101  1000  1100      010000001011
0x110        1111  1101  1001  1101      010000001100
0x100        1111  1101  1010  1110      010000001101
0x110        1111  1101  1011  1111      010000001110
0x100        1111  1101  1011<-0000      010000001111
0x110        1111  1101  1100  0001      010000010000
0x100        1111  1101  1101  0010      010000010001
0x110        1111  1101  1110  0011      010000010010
0x100        1111  1101  1111  0100      010000010011
0x110    ----0000<-1110<-0000  0100<-    010000010100
0x100        0000  1110  0001  0101      010000010101
0x110        0000  1110  0010  0110      010000010110
0x100        0000  1110  0011  0111      010000010111
0x110        0000  1110  0100  1000      010000011000
0x100        0000  1110  0101  1001      010000011001
0x110        0000  1110  0110  1010      010000011010
0x100        0000  1110  0111  1011      010000011011
0x110        0000  1110  1000  1100      010000011100
0x100        0000  1110  1001  1101      010000011101
0x110        0000  1110  1010  1110      010000011110
0x100        0000  1110  1011  1111      010000011111
0x110        0000  1110  1011<-0000      010000100000
0x100        0000  1110  1100  0001      010000100001
0x110        0000  1110  1101  0010      010000100010
0x100        0000  1110  1110  0011      010000100011
0x110        0000  1110  1111  0100      010000100100
0x100        0001  1111<-0000  0101      010000100101
0x110        0001  1111  0001  0110      010000100110
0x100        0001  1111  0010  0111      010000100111
0x110        0001  1111  0011  1000      010000101000
0x100        0001  1111  0100  1001      010000101001
0x110        0001  1111  0101  1010      010000101010
0x100        0001  1111  0110  1011      010000101011
0x110        0001  1111  0111  1100      010000101100
0x100        0001  1111  1000  1101      010000101101
0x110        0001  1111  1001  1110      010000101110
0x100        0001  1111  1010  1111      010000101111
0x110        0001  1111  1010<-0000      010000110000
0x100        0001  1111  1011  0001      010000110001
0x110        0001  1111  1100  0010      010000110010
0x100        0001  1111  1101  0011      010000110011
0x110        0001  1111  1110  0100      010000110100
0x100        0001  1111  1111  0101      010000110101
0x110        0001<-0000<-0000  0110      010000110110
0x100        0001  0000  0001  0111      010000110111
0x110        0001  0000  0010  1000      010000111000
0x100        0001  0000  0011  1001      010000111001
0x110        0001  0000  0100  1010      010000111010
0x100        0001  0000  0101  1011      010000111011
0x110        0001  0000  0110  1100      010000111100
0x100        0001  0000  0111  1101      010000111101
0x110        0001  0000  1000  1110      010000111110
0x100        0001  0000  1001  1111      010000111111
0x110        0001  0000  1001<-0000      010001000000
0x100        0001  0000  1010  0001      010001000001
0x110        0001  0000  1011  0010      010001000010
0x100        0001  0000  1100  0011      010001000011
0x110        0001  0000  1101  0100      010001000100
0x100        0001  0000  1110  0101      010001000101
0x110        0001  0000  1111  0110      010001000110
0x100        0010  0001<-0000  0111      010001000111
0x110        0010  0001  0001  1000      010001001000
0x100        0010  0001  0010  1001      010001001001
0x110        0010  0001  0011  1010      010001001010
0x100        0010  0001  0100  1011      010001001011
0x110        0010  0001  0101  1100      010001001100
0x100        0010  0001  0110  1101      010001001101
0x110        0010  0001  0111  1110      010001001110
0x100        0010  0001  1000  1111      010001001111
0x110        0010  0001  1000<-0000      010001010000
0x100        0010  0001  1001  0001      010001010001
0x110        0010  0001  1010  0010      010001010010
0x100        0010  0001  1011  0011      010001010011
0x110        0010  0001  1100  0100      010001010100
0x100        0010  0001  1101  0101      010001010101
0x110        0010  0001  1110  0110      010001010110
0x100        0010  0001  1111  0111      010001010111
0x110        0011  0010<-0000  1000      010001011000
0x100        0011  0010  0001  1001      010001011001
0x110        0011  0010  0010  1010      010001011010
0x100        0011  0010  0011  1011      010001011011
0x110        0011  0010  0100  1100      010001011100
0x100        0011  0010  0101  1101      010001011101
0x110        0011  0010  0110  1110      010001011110
0x100        0011  0010  0111  1111      010001011111
0x110        0011  0010  0111<-0000      010001100000
0x100        0011  0010  1000  0001      010001100001
0x110        0011  0010  1001  0010      010001100010
0x100        0011  0010  1010  0011      010001100011
0x110        0011  0010  1011  0100      010001100100
0x100        0011  0010  1100  0101      010001100101
0x110        0011  0010  1101  0110      010001100110
0x100        0011  0010  1110  0111      010001100111
0x110        0011  0010  1111  1000      010001101000
0x100        0100  0011<-0000  1001      010001101001
0x110        0100  0011  0001  1010      010001101010
0x100        0100  0011  0010  1011      010001101011
0x110        0100  0011  0011  1100      010001101100
0x100        0100  0011  0100  1101      010001101101
0x110        0100  0011  0101  1110      010001101110
0x100        0100  0011  0110  1111      010001101111
0x110        0100  0011  0110<-0000      010001110000
0x100        0100  0011  0111  0001      010001110001
0x110        0100  0011  1000  0010      010001110010
0x100        0100  0011  1001  0011      010001110011
0x110        0100  0011  1010  0100      010001110100
0x100        0100  0011  1011  0101      010001110101
0x110        0100  0011  1100  0110      010001110110
0x100        0100  0011  1101  0111      010001110111
0x110        0100  0011  1110  1000      010001111000
0x100        0100  0011  1111  1001      010001111001
0x110        0101  0100<-0000  1010      010001111010
0x100        0101  0100  0001  1011      010001111011
0x110        0101  0100  0010  1100      010001111100
0x100        0101  0100  0011  1101      010001111101
0x110        0101  0100  0100  1110      010001111110
0x100        0101  0100  0101  1111      010001111111
0x110        0101  0100  0101<-0000      010010000000
0x100        0101  0100  0110  0001      010010000001
0x110        0101  0100  0111  0010      010010000010
0x100        0101  0100  1000  0011      010010000011
0x110        0101  0100  1001  0100      010010000100
0x100        0101  0100  1010  0101      010010000101
0x110        0101  0100  1011  0110      010010000110
0x100        0101  0100  1100  0111      010010000111
0x110        0101  0100  1101  1000      010010001000
0x100        0101  0100  1110  1001      010010001001
0x110        0101  0100  1111  1010      010010001010
0x100        0110  0101<-0000  1011      010010001011
0x110        0110  0101  0001  1100      010010001100
0x100        0110  0101  0010  1101      010010001101
0x110        0110  0101  0011  1110      010010001110
0x100        0110  0101  0100  1111      010010001111
0x110        0110  0101  0100<-0000      010010010000
0x100        0110  0101  0101  0001      010010010001
0x110        0110  0101  0110  0010      010010010010
0x100        0110  0101  0111  0011      010010010011
0x110        0110  0101  1000  0100      010010010100
0x100        0110  0101  1001  0101      010010010101
0x110        0110  0101  1010  0110      010010010110
0x100        0110  0101  1011  0111      010010010111
0x110        0110  0101  1100  1000      010010011000
0x100        0110  0101  1101  1001      010010011001
0x110        0110  0101  1110  1010      010010011010
0x100        0110  0101  1111  1011      010010011011
0x110        0111  0110  0000  1100      010010011100
0x100        0111  0110  0001  1101      010010011101
0x110        0111  0110  0010  1110      010010011110
0x100        0111  0110  0011  1111      010010011111
0x110        0111  0110  0011  0000      010010100000
0x100        0111  0110  0100  0001      010010100001
0x110        0111  0110  0101  0010      010010100010
0x100        0111  0110  0110  0011      010010100011
0x110        0111  0110  0111  0100      010010100100
0x100        0111  0110  1000  0101      010010100101
0x110        0111  0110  1001  0110      010010100110
0x100        0111  0110  1010  0111      010010100111
0x110        0111  0110  1011  1000      010010101000
0x100        0111  0110  1100  1001      010010101001
0x110        0111  0110  1101  1010      010010101010
0x100        0111  0110  1110  1011      010010101011
0x110        0111  0110  1111  1100      010010101100
0x100        1000  0111  0000  1101      010010101101
0x110        1000  0111  0001  1110      010010101110
0x100        1000  0111  0010  1111      010010101111
0x110        1000  0111  0010  0000      010010110000
0x100        1000  0111  0011  0001      010010110001
0x110        1000  0111  0100  0010      010010110010
0x100        1000  0111  0101  0011      010010110011
0x110        1000  0111  0110  0100      010010110100
0x100        1000  0111  0111  0101      010010110101
0x110        1000  0111  1000  0110      010010110110
0x100        1000  0111  1001  0111      010010110111
0x110        1000  0111  1010  1000      010010111000
0x100        1000  0111  1011  1001      010010111001
0x110        1000  0111  1100  1010      010010111010
0x100        1000  0111  1101  1011      010010111011
0x110        1000  0111  1110  1100      010010111100
0x100        1000  0111  1111  1101      010010111101
0x110        1001  1000  0000  1110      010010111110
0x100        1001  1000  0001  1111      010010111111
0x110        1001  1000  0001  0000      010011000000
0x100        1001  1000  0010  0001      010011000001
0x110        1001  1000  0011  0010      010011000010
0x100        1001  1000  0100  0011      010011000011
0x110        1001  1000  0101  0100      010011000100
0x100        1001  1000  0110  0101      010011000101
0x110        1001  1000  0111  0110      010011000110
0x100        1001  1000  1000  0111      010011000111
0x110        1001  1000  1001  1000      010011001000
0x100        1001  1000  1010  1001      010011001001
0x110        1001  1000  1011  1010      010011001010
0x100        1001  1000  1100  1011      010011001011
0x110        1001  1000  1101  1100      010011001100
0x100        1001  1000  1110  1101      010011001101
0x110        1001  1000  1111  1110      010011001110
0x100        1010  1001  0000  1111      010011001111
0x110        1010  1001  0000  0000      010011010000
0x100        1010  1001  0001  0001      010011010001
0x110        1010  1001  0010  0010      010011010010
0x100        1010  1001  0011  0011      010011010011
0x110        1010  1001  0100  0100      010011010100
0x100        1010  1001  0101  0101      010011010101
0x110        1010  1001  0110  0110      010011010110
0x100        1010  1001  0111  0111      010011010111
0x110        1010  1001  1000  1000      010011011000
0x100        1010  1001  1001  1001      010011011001
0x110        1010  1001  1010  1010      010011011010
0x100        1010  1001  1011  1011      010011011011
0x110        1010  1001  1100  1100      010011011100
0x100        1010  1001  1101  1101      010011011101
0x110        1010  1001  1110  1110      010011011110
0x100        1010  1001  1111  1111      010011011111
0x110        1010  1001  1111  0000      010011100000
0x100        1011  1010  0000  0001      010011100001
0x110        1011  1010  0001  0010      010011100010
0x100        1011  1010  0010  0011      010011100011
0x110        1011  1010  0011  0100      010011100100
0x100        1011  1010  0100  0101      010011100101
0x110        1011  1010  0101  0110      010011100110
0x100        1011  1010  0110  0111      010011100111
0x110        1011  1010  0111  1000      010011101000
0x100        1011  1010  1000  1001      010011101001
0x110        1011  1010  1001  1010      010011101010
0x100        1011  1010  1010  1011      010011101011
0x110        1011  1010  1011  1100      010011101100
0x100        1011  1010  1100  1101      010011101101
0x110        1011  1010  1101  1110      010011101110
0x100        1011  1010  1110  1111      010011101111
0x110        1011  1010  1110  0000      010011110000
0x100        1011  1010  1111  0001      010011110001
0x110        1100  1011  0000  0010      010011110010
0x100        1100  1011  0001  0011      010011110011
0x110        1100  1011  0010  0100      010011110100
0x100        1100  1011  0011  0101      010011110101
0x110        1100  1011  0100  0110      010011110110
0x100        1100  1011  0101  0111      010011110111
0x110        1100  1011  0110  1000      010011111000
0x100        1100  1011  0111  1001      010011111001
0x110        1100  1011  1000  1010      010011111010
0x100        1100  1011  1001  1011      010011111011
0x110        1100  1011  1010  1100      010011111100
0x100        1100  1011  1011  1101      010011111101
0x110        1100  1011  1100  1110      010011111110
0x100        1100  1011  1101  1111      010011111111
0x110        1100  1011  1101  0000      010100000000
0x100        1100  1011  1110  0001      010100000001
0x110        1100  1011  1111  0010      010100000010
0x100        1101  1100  0000  0011      010100000011
0x110        1101  1100  0001  0100      010100000100
0x100        1101  1100  0010  0101      010100000101
0x110        1101  1100  0011  0110      010100000110
0x100        1101  1100  0100  0111      010100000111
0x110        1101  1100  0101  1000      010100001000
0x100        1101  1100  0110  1001      010100001001
0x110        1101  1100  0111  1010      010100001010
0x100        1101  1100  1000  1011      010100001011
0x110        1101  1100  1001  1100      010100001100
0x100        1101  1100  1010  1101      010100001101
0x110        1101  1100  1011  1110      010100001110
0x100        1101  1100  1100  1111      010100001111
0x110        1101  1100  1100  0000      010100010000
0x100        1101  1100  1101  0001      010100010001
0x110        1101  1100  1110  0010      010100010010
0x100        1101  1100  1111  0011      010100010011
0x110        1110  1101  0000  0100      010100010100
0x100        1110  1101  0001  0101      010100010101
0x110        1110  1101  0010  0110      010100010110
0x100        1110  1101  0011  0111      010100010111
0x110        1110  1101  0100  1000      010100011000
0x100        1110  1101  0101  1001      010100011001
0x110        1110  1101  0110  1010      010100011010
0x100        1110  1101  0111  1011      010100011011
0x110        1110  1101  1000  1100      010100011100
0x100        1110  1101  1001  1101      010100011101
0x110        1110  1101  1010  1110      010100011110
0x100        1110  1101  1011  1111      010100011111
0x110        1110  1101  1011  0000      010100100000
0x100        1110  1101  1100  0001      010100100001
0x110        1110  1101  1101  0010      010100100010
0x100        1110  1101  1110  0011      010100100011
0x110        1110  1101  1111  0100      010100100100
0x100        1111  1110  0000  0101      010100100101
0x110        1111  1110  0001  0110      010100100110
0x100        1111  1110  0010  0111      010100100111
0x110        1111  1110  0011  1000      010100101000
0x100        1111  1110  0100  1001      010100101001
0x110        1111  1110  0101  1010      010100101010
0x100        1111  1110  0110  1011      010100101011
0x110        1111  1110  0111  1100      010100101100
0x100        1111  1110  1000  1101      010100101101
0x110        1111  1110  1001  1110      010100101110
0x100        1111  1110  1010  1111      010100101111
0x110        1111  1110  1010  0000      010100110000
0x100        1111  1110  1011  0001      010100110001
0x110        1111  1110  1100  0010      010100110010
0x100        1111  1110  1101  0011      010100110011
0x110        1111  1110  1110  0100      010100110100
0x100        1111  1110  1111  0101      010100110101
0x110        0000  1111  0000  0101      010100110110
0x100        0000  1111  0001  0110      010100110111
0x110        0000  1111  0010  0111      010100111000
0x100        0000  1111  0011  1000      010100111001
0x110        0000  1111  0100  1001      010100111010
0x100        0000  1111  0101  1010      010100111011
0x110        0000  1111  0110  1011      010100111100
0x100        0000  1111  0111  1100      010100111101
0x110        0000  1111  1000  1101      010100111110
0x100        0000  1111  1001  1110      010100111111
0x110        0000  1111  1010  1111      010101000000
0x100        0000  1111  1010  0000      010101000001
0x110        0000  1111  1011  0001      010101000010
0x100        0000  1111  1100  0010      010101000011
0x110        0000  1111  1101  0011      010101000100
0x100        0000  1111  1110  0100      010101000101
0x110        0000  1111  1111  0101      010101000110
0x100        0000  0000  0000  0110      010101000111
0x110        0000  0000  0001  0111      010101001000
0x100        0000  0000  0010  1000      010101001001
0x110        0000  0000  0011  1001      010101001010
0x100        0000  0000  0100  1010      010101001011
0x110        0000  0000  0101  1011      010101001100
0x100        0000  0000  0110  1100      010101001101
0x110        0000  0000  0111  1101      010101001110
0x100        0000  0000  1000  1110      010101001111
0x110        0000  0000  1001  1111      010101010000
0x100        0000  0000  1001  0000      010101010001
0x110        0000  0000  1010  0001      010101010010
0x100        0000  0000  1011  0010      010101010011
0x110        0000  0000  1100  0011      010101010100
0x100        0000  0000  1101  0100      010101010101
0x110        0000  0000  1110  0101      010101010110
0x100        0000  0000  1111  0110      010101010111
0x110        0001  0001  0000  0111      010101011000
0x100        0001  0001  0001  1000      010101011001
0x110        0001  0001  0010  1001      010101011010
0x100        0001  0001  0011  1010      010101011011
0x110        0001  0001  0100  1011      010101011100
0x100        0001  0001  0101  1100      010101011101
0x110        0001  0001  0110  1101      010101011110
0x100        0001  0001  0111  1110      010101011111
0x110        0001  0001  1000  1111      010101100000
0x100        0001  0001  1000  0000      010101100001
0x110        0001  0001  1001  0001      010101100010
0x100        0001  0001  1010  0010      010101100011
0x110        0001  0001  1011  0011      010101100100
0x100        0001  0001  1100  0100      010101100101
0x110        0001  0001  1101  0101      010101100110
0x100        0001  0001  1110  0110      010101100111
0x110        0001  0001  1111  0111      010101101000
0x100        0010  0010  0000  1000      010101101001
0x110        0010  0010  0001  1001      010101101010
0x100        0010  0010  0010  1010      010101101011
0x110        0010  0010  0011  1011      010101101100
0x100        0010  0010  0100  1100      010101101101
0x110        0010  0010  0101  1101      010101101110
0x100        0010  0010  0110  1110      010101101111
0x110        0010  0010  0111  1111      010101110000
0x100        0010  0010  0111  0000      010101110001
0x110        0010  0010  1000  0001      010101110010
0x100        0010  0010  1001  0010      010101110011
0x110        0010  0010  1010  0011      010101110100
0x100        0010  0010  1011  0100      010101110101
0x110        0010  0010  1100  0101      010101110110
0x100        0010  0010  1101  0110      010101110111
0x110        0010  0010  1110  0111      010101111000
0x100        0010  0010  1111  1000      010101111001
0x110        0011  0011  0000  1001      010101111010
0x100        0011  0011  0001  1010      010101111011
0x110        0011  0011  0010  1011      010101111100
0x100        0011  0011  0011  1100      010101111101
0x110        0011  0011  0100  1101      010101111110
0x100        0011  0011  0101  1110      010101111111
0x110        0011  0011  0110  1111      010110000000
0x100        0011  0011  0110  0000      010110000001
0x110        0011  0011  0111  0001      010110000010
0x100        0011  0011  1000  0010      010110000011
0x110        0011  0011  1001  0011      010110000100
0x100        0011  0011  1010  0100      010110000101
0x110        0011  0011  1011  0101      010110000110
0x100        0011  0011  1100  0110      010110000111
0x110        0011  0011  1101  0111      010110001000
0x100        0011  0011  1110  1000      010110001001
0x110        0011  0011  1111  1001      010110001010
0x100        0100  0100  0000  1010      010110001011
0x110        0100  0100  0001  1011      010110001100
0x100        0100  0100  0010  1100      010110001101
0x110        0100  0100  0011  1101      010110001110
0x100        0100  0100  0100  1110      010110001111
0x110        0100  0100  0101  1111      010110010000
0x100        0100  0100  0101  0000      010110010001
0x110        0100  0100  0110  0001      010110010010
0x100        0100  0100  0111  0010      010110010011
0x110        0100  0100  1000  0011      010110010100
0x100        0100  0100  1001  0100      010110010101
0x110        0100  0100  1010  0101      010110010110
0x100        0100  0100  1011  0110      010110010111
0x110        0100  0100  1100  0111      010110011000
0x100        0100  0100  1101  1000      010110011001
0x110        0100  0100  1110  1001      010110011010
0x100        0100  0100  1111  1010      010110011011
0x110        0101  0101  0000  1011      010110011100
0x100        0101  0101  0001  1100      010110011101
0x110        0101  0101  0010  1101      010110011110
0x100        0101  0101  0011  1110      010110011111
0x110        0101  0101  0100  1111      010110100000
0x100        0101  0101  0100  0000      010110100001
0x110        0101  0101  0101  0001      010110100010
0x100        0101  0101  0110  0010      010110100011
0x110        0101  0101  0111  0011      010110100100
0x100        0101  0101  1000  0100      010110100101
0x110        0101  0101  1001  0101      010110100110
0x100        0101  0101  1010  0110      010110100111
0x110        0101  0101  1011  0111      010110101000
0x100        0101  0101  1100  1000      010110101001
0x110        0101  0101  1101  1001      010110101010
0x100        0101  0101  1110  1010      010110101011
0x110        0101  0101  1111  1011      010110101100
0x100        0110  0110  0000  1100      010110101101
0x110        0110  0110  0001  1101      010110101110
0x100        0110  0110  0010  1110      010110101111
0x110        0110  0110  0011  1111      010110110000
0x100        0110  0110  0011  0000      010110110001
0x110        0110  0110  0100  0001      010110110010
0x100        0110  0110  0101  0010      010110110011
0x110        0110  0110  0110  0011      010110110100
0x100        0110  0110  0111  0100      010110110101
0x110        0110  0110  1000  0101      010110110110
0x100        0110  0110  1001  0110      010110110111
0x110        0110  0110  1010  0111      010110111000
0x100        0110  0110  1011  1000      010110111001
0x110        0110  0110  1100  1001      010110111010
0x100        0110  0110  1101  1010      010110111011
0x110        0110  0110  1110  1011      010110111100
0x100        0110  0110  1111  1100      010110111101
0x110        0111  0111  0000  1101      010110111110
0x100        0111  0111  0001  1110      010110111111
0x110        0111  0111  0010  1111      010111000000
0x100        0111  0111  0010  0000      010111000001
0x110        0111  0111  0011  0001      010111000010
0x100        0111  0111  0100  0010      010111000011
0x110        0111  0111  0101  0011      010111000100
0x100        0111  0111  0110  0100      010111000101
0x110        0111  0111  0111  0101      010111000110
0x100        0111  0111  1000  0110      010111000111
0x110        0111  0111  1001  0111      010111001000
0x100        0111  0111  1010  1000      010111001001
0x110        0111  0111  1011  1001      010111001010
0x100        0111  0111  1100  1010      010111001011
0x110        0111  0111  1101  1011      010111001100
0x100        0111  0111  1110  1100      010111001101
0x110        0111  0111  1111  1101      010111001110
0x100        1000  1000  0000  1110      010111001111
0x110        1000  1000  0001  1111      010111010000
0x100        1000  1000  0001  0000      010111010001
0x110        1000  1000  0010  0001      010111010010
0x100        1000  1000  0011  0010      010111010011
0x110        1000  1000  0100  0011      010111010100
0x100        1000  1000  0101  0100      010111010101
0x110        1000  1000  0110  0101      010111010110
0x100        1000  1000  0111  0110      010111010111
0x110        1000  1000  1000  0111      010111011000
0x100        1000  1000  1001  1000      010111011001
0x110        1000  1000  1010  1001      010111011010
0x100        1000  1000  1011  1010      010111011011
0x110        1000  1000  1100  1011      010111011100
0x100        1000  1000  1101  1100      010111011101
0x110        1000  1000  1110  1101      010111011110
0x100        1000  1000  1111  1110      010111011111
0x110        1001  1001  0000  1111      010111100000
0x100        1001  1001  0000  0000      010111100001
0x110        1001  1001  0001  0001      010111100010
0x100        1001  1001  0010  0010      010111100011
0x110        1001  1001  0011  0011      010111100100
0x100        1001  1001  0100  0100      010111100101
0x110        1001  1001  0101  0101      010111100110
0x100        1001  1001  0110  0110      010111100111
0x110        1001  1001  0111  0111      010111101000
0x100        1001  1001  1000  1000      010111101001
0x110        1001  1001  1001  1001      010111101010
0x100        1001  1001  1010  1010      010111101011
0x110        1001  1001  1011  1011      010111101100
0x100        1001  1001  1100  1100      010111101101
0x110        1001  1001  1101  1101      010111101110
0x100        1001  1001  1110  1110      010111101111
0x110        1001  1001  1111  1111      010111110000
0x100        1001  1001  1111  0000      010111110001
0x110        1010  1010  0000  0001      010111110010
0x100        1010  1010  0001  0010      010111110011
0x110        1010  1010  0010  0011      010111110100
0x100        1010  1010  0011  0100      010111110101
0x110        1010  1010  0100  0101      010111110110
0x100        1010  1010  0101  0110      010111110111
0x110        1010  1010  0110  0111      010111111000
0x100        1010  1010  0111  1000      010111111001
0x110        1010  1010  1000  1001      010111111010
0x100        1010  1010  1001  1010      010111111011
0x110        1010  1010  1010  1011      010111111100
0x100        1010  1010  1011  1100      010111111101
0x110        1010  1010  1100  1101      010111111110
0x100        1010  1010  1101  1110      010111111111
0x110        1010  1010  1110  1111      011000000000
0x100        1010  1010  1110  0000      011000000001
0x110        1010  1010  1111  0001      011000000010
0x100        1011  1011  0000  0010      011000000011
0x110        1011  1011  0001  0011      011000000100
0x100        1011  1011  0010  0100      011000000101
0x110        1011  1011  0011  0101      011000000110
0x100        1011  1011  0100  0110      011000000111
0x110        1011  1011  0101  0111      011000001000
0x100        1011  1011  0110  1000      011000001001
0x110        1011  1011  0111  1001      011000001010
0x100        1011  1011  1000  1010      011000001011
0x110        1011  1011  1001  1011      011000001100
0x100        1011  1011  1010  1100      011000001101
0x110        1011  1011  1011  1101      011000001110
0x100        1011  1011  1100  1110      011000001111
0x110        1011  1011  1101  1111      011000010000
0x100        1011  1011  1101  0000      011000010001
0x110        1011  1011  1110  0001      011000010010
0x100        1011  1011  1111  0010      011000010011
0x110        1100  1100  0000  0011      011000010100
0x100        1100  1100  0001  0100      011000010101
0x110        1100  1100  0010  0101      011000010110
0x100        1100  1100  0011  0110      011000010111
0x110        1100  1100  0100  0111      011000011000
0x100        1100  1100  0101  1000      011000011001
0x110        1100  1100  0110  1001      011000011010
0x100        1100  1100  0111  1010      011000011011
0x110        1100  1100  1000  1011      011000011100
0x100        1100  1100  1001  1100      011000011101
0x110        1100  1100  1010  1101      011000011110
0x100        1100  1100  1011  1110      011000011111
0x110        1100  1100  1100  1111      011000100000
0x100        1100  1100  1100  0000      011000100001
0x110        1100  1100  1101  0001      011000100010
0x100        1100  1100  1110  0010      011000100011
0x110        1100  1100  1111  0011      011000100100
0x100        1101  1101  0000  0100      011000100101
0x110        1101  1101  0001  0101      011000100110
0x100        1101  1101  0010  0110      011000100111
0x110        1101  1101  0011  0111      011000101000
0x100        1101  1101  0100  1000      011000101001
0x110        1101  1101  0101  1001      011000101010
0x100        1101  1101  0110  1010      011000101011
0x110        1101  1101  0111  1011      011000101100
0x100        1101  1101  1000  1100      011000101101
0x110        1101  1101  1001  1101      011000101110
0x100        1101  1101  1010  1110      011000101111
0x110        1101  1101  1011  1111      011000110000
0x100        1101  1101  1011  0000      011000110001
0x110        1101  1101  1100  0001      011000110010
0x100        1101  1101  1101  0010      011000110011
0x110        1101  1101  1110  0011      011000110100
0x100        1101  1101  1111  0100      011000110101
0x110        1110  1110  0000  0101      011000110110
0x100        1110  1110  0001  0110      011000110111
0x110        1110  1110  0010  0111      011000111000
0x100        1110  1110  0011  1000      011000111001
0x110        1110  1110  0100  1001      011000111010
0x100        1110  1110  0101  1010      011000111011
0x110        1110  1110  0110  1011      011000111100
0x100        1110  1110  0111  1100      011000111101
0x110        1110  1110  1000  1101      011000111110
0x100        1110  1110  1001  1110      011000111111
0x110        1110  1110  1010  1111      011001000000
0x100        1110  1110  1010  0000      011001000001
0x110        1110  1110  1011  0001      011001000010
0x100        1110  1110  1100  0010      011001000011
0x110        1110  1110  1101  0011      011001000100
0x100        1110  1110  1110  0100      011001000101
0x110        1110  1110  1111  0101      011001000110
0x100        1111  1111  0000  0110      011001000111
0x110        1111  1111  0001  0111      011001001000
0x100        1111  1111  0010  1000      011001001001
0x110        1111  1111  0011  1001      011001001010
0x100        1111  1111  0100  1010      011001001011
0x110        1111  1111  0101  1011      011001001100
0x100        1111  1111  0110  1100      011001001101
0x110        1111  1111  0111  1101      011001001110
0x100        1111  1111  1000  1110      011001001111
0x110        1111  1111  1001  1111      011001010000
0x100        1111  1111  1001  0000      011001010001
0x110        1111  1111  1010  0001      011001010010
0x100        1111  1111  1011  0010      011001010011
0x110        1111  1111  1100  0011      011001010100
0x100        1111  1111  1101  0100      011001010101
0x110        1111  1111  1110  0101      011001010110
0x100        1111  1111  1111  0110      011001010111
0x110        1111  0000  0000  0111      011001011000
0x100        1111  0000  0001  1000      011001011001
0x110        1111  0000  0010  1001      011001011010
0x100        1111  0000  0011  1010      011001011011
0x110        1111  0000  0100  1011      011001011100
0x100        1111  0000  0101  1100      011001011101
0x110        1111  0000  0110  1101      011001011110
0x100        1111  0000  0111  1110      011001011111
0x110        1111  0000  1000  1111      011001100000
0x100        1111  0000  1000  0000      011001100001
0x110        1111  0000  1001  0001      011001100010
0x100        1111  0000  1010  0010      011001100011
0x110        1111  0000  1011  0011      011001100100
0x100        1111  0000  1100  0100      011001100101
0x110        1111  0000  1101  0101      011001100110
0x100        1111  0000  1110  0110      011001100111
0x110        1111  0000  1111  0111      011001101000
0x100        0000  0001  0000  0111      011001101001
0x110        0000  0001  0001  1000      011001101010
0x100        0000  0001  0010  1001      011001101011
0x110        0000  0001  0011  1010      011001101100
0x100        0000  0001  0100  1011      011001101101
0x110        0000  0001  0101  1100      011001101110
0x100        0000  0001  0110  1101      011001101111
0x110        0000  0001  0111  1110      011001110000
0x100        0000  0001  1000  1111      011001110001
0x110        0000  0001  1000  0000      011001110010
0x100        0000  0001  1001  0001      011001110011
0x110        0000  0001  1010  0010      011001110100
0x100        0000  0001  1011  0011      011001110101
0x110        0000  0001  1100  0100      011001110110
0x100        0000  0001  1101  0101      011001110111
0x110        0000  0001  1110  0110      011001111000
0x100        0000  0001  1111  0111      011001111001
0x110        0001  0010  0000  1000      011001111010
0x100        0001  0010  0001  1001      011001111011
0x110        0001  0010  0010  1010      011001111100
0x100        0001  0010  0011  1011      011001111101
0x110        0001  0010  0100  1100      011001111110
0x100        0001  0010  0101  1101      011001111111
0x110        0001  0010  0110  1110      011010000000
0x100        0001  0010  0111  1111      011010000001
0x110        0001  0010  0111  0000      011010000010
0x100        0001  0010  1000  0001      011010000011
0x110        0001  0010  1001  0010      011010000100
0x100        0001  0010  1010  0011      011010000101
0x110        0001  0010  1011  0100      011010000110
0x100        0001  0010  1100  0101      011010000111
0x110        0001  0010  1101  0110      011010001000
0x100        0001  0010  1110  0111      011010001001
0x110        0001  0010  1111  1000      011010001010
0x100        0010  0011  0000  1001      011010001011
0x110        0010  0011  0001  1010      011010001100
0x100        0010  0011  0010  1011      011010001101
0x110        0010  0011  0011  1100      011010001110
0x100        0010  0011  0100  1101      011010001111
0x110        0010  0011  0101  1110      011010010000
0x100        0010  0011  0110  1111      011010010001
0x110        0010  0011  0110  0000      011010010010
0x100        0010  0011  0111  0001      011010010011
0x110        0010  0011  1000  0010      011010010100
0x100        0010  0011  1001  0011      011010010101
0x110        0010  0011  1010  0100      011010010110
0x100        0010  0011  1011  0101      011010010111
0x110        0010  0011  1100  0110      011010011000
0x100        0010  0011  1101  0111      011010011001
0x110        0010  0011  1110  1000      011010011010
0x100        0010  0011  1111  1001      011010011011
0x110        0011  0100  0000  1010      011010011100
0x100        0011  0100  0001  1011      011010011101
0x110        0011  0100  0010  1100      011010011110
0x100        0011  0100  0011  1101      011010011111
0x110        0011  0100  0100  1110      011010100000
0x100        0011  0100  0101  1111      011010100001
0x110        0011  0100  0101  0000      011010100010
0x100        0011  0100  0110  0001      011010100011
0x110        0011  0100  0111  0010      011010100100
0x100        0011  0100  1000  0011      011010100101
0x110        0011  0100  1001  0100      011010100110
0x100        0011  0100  1010  0101      011010100111
0x110        0011  0100  1011  0110      011010101000
0x100        0011  0100  1100  0111      011010101001
0x110        0011  0100  1101  1000      011010101010
0x100        0011  0100  1110  1001      011010101011
0x110        0011  0100  1111  1010      011010101100
0x100        0100  0101  0000  1011      011010101101
0x110        0100  0101  0001  1100      011010101110
0x100        0100  0101  0010  1101      011010101111
0x110        0100  0101  0011  1110      011010110000
0x100        0100  0101  0100  1111      011010110001
0x110        0100  0101  0100  0000      011010110010
0x100        0100  0101  0101  0001      011010110011
0x110        0100  0101  0110  0010      011010110100
0x100        0100  0101  0111  0011      011010110101
0x110        0100  0101  1000  0100      011010110110
0x100        0100  0101  1001  0101      011010110111
0x110        0100  0101  1010  0110      011010111000
0x100        0100  0101  1011  0111      011010111001
0x110        0100  0101  1100  1000      011010111010
0x100        0100  0101  1101  1001      011010111011
0x110        0100  0101  1110  1010      011010111100
0x100        0100  0101  1111  1011      011010111101
0x110        0101  0110  0000  1100      011010111110
0x100        0101  0110  0001  1101      011010111111
0x110        0101  0110  0010  1110      011011000000
0x100        0101  0110  0011  1111      011011000001
0x110        0101  0110  0011  0000      011011000010
0x100        0101  0110  0100  0001      011011000011
0x110        0101  0110  0101  0010      011011000100
0x100        0101  0110  0110  0011      011011000101
0x110        0101  0110  0111  0100      011011000110
0x100        0101  0110  1000  0101      011011000111
0x110        0101  0110  1001  0110      011011001000
0x100        0101  0110  1010  0111      011011001001
0x110        0101  0110  1011  1000      011011001010
0x100        0101  0110  1100  1001      011011001011
0x110        0101  0110  1101  1010      011011001100
0x100        0101  0110  1110  1011      011011001101
0x110        0101  0110  1111  1100      011011001110
0x100        0110  0111  0000  1101      011011001111
0x110        0110  0111  0001  1110      011011010000
0x100        0110  0111  0010  1111      011011010001
0x110        0110  0111  0010  0000      011011010010
0x100        0110  0111  0011  0001      011011010011
0x110        0110  0111  0100  0010      011011010100
0x100        0110  0111  0101  0011      011011010101
0x110        0110  0111  0110  0100      011011010110
0x100        0110  0111  0111  0101      011011010111
0x110        0110  0111  1000  0110      011011011000
0x100        0110  0111  1001  0111      011011011001
0x110        0110  0111  1010  1000      011011011010
0x100        0110  0111  1011  1001      011011011011
0x110        0110  0111  1100  1010      011011011100
0x100        0110  0111  1101  1011      011011011101
0x110        0110  0111  1110  1100      011011011110
0x100        0110  0111  1111  1101      011011011111
0x110        0111  1000  0000  1110      011011100000
0x100        0111  1000  0001  1111      011011100001
0x110        0111  1000  0001  0000      011011100010
0x100        0111  1000  0010  0001      011011100011
0x110        0111  1000  0011  0010      011011100100
0x100        0111  1000  0100  0011      011011100101
0x110        0111  1000  0101  0100      011011100110
0x100        0111  1000  0110  0101      011011100111
0x110        0111  1000  0111  0110      011011101000
0x100        0111  1000  1000  0111      011011101001
0x110        0111  1000  1001  1000      011011101010
0x100        0111  1000  1010  1001      011011101011
0x110        0111  1000  1011  1010      011011101100
0x100        0111  1000  1100  1011      011011101101
0x110        0111  1000  1101  1100      011011101110
0x100        0111  1000  1110  1101      011011101111
0x110        0111  1000  1111  1110      011011110000
0x100        1000  1001  0000  1111      011011110001
0x110        1000  1001  0000  0000      011011110010
0x100        1000  1001  0001  0001      011011110011
0x110        1000  1001  0010  0010      011011110100
0x100        1000  1001  0011  0011      011011110101
0x110        1000  1001  0100  0100      011011110110
0x100        1000  1001  0101  0101      011011110111
0x110        1000  1001  0110  0110      011011111000
0x100        1000  1001  0111  0111      011011111001
0x110        1000  1001  1000  1000      011011111010
0x100        1000  1001  1001  1001      011011111011
0x110        1000  1001  1010  1010      011011111100
0x100        1000  1001  1011  1011      011011111101
0x110        1000  1001  1100  1100      011011111110
0x100        1000  1001  1101  1101      011011111111
0x110        1000  1001  1110  1110      011100000000
0x100        1000  1001  1111  1111      011100000001
0x110        1000  1001  1111  0000      011100000010
0x100        1001  1010  0000  0001      011100000011
0x110        1001  1010  0001  0010      011100000100
0x100        1001  1010  0010  0011      011100000101
0x110        1001  1010  0011  0100      011100000110
0x100        1001  1010  0100  0101      011100000111
0x110        1001  1010  0101  0110      011100001000
0x100        1001  1010  0110  0111      011100001001
0x110        1001  1010  0111  1000      011100001010
0x100        1001  1010  1000  1001      011100001011
0x110        1001  1010  1001  1010      011100001100
0x100        1001  1010  1010  1011      011100001101
0x110        1001  1010  1011  1100      011100001110
0x100        1001  1010  1100  1101      011100001111
0x110        1001  1010  1101  1110      011100010000
0x100        1001  1010  1110  1111      011100010001
0x110        1001  1010  1110  0000      011100010010
0x100        1001  1010  1111  0001      011100010011
0x110        1010  1011  0000  0010      011100010100
0x100        1010  1011  0001  0011      011100010101
0x110        1010  1011  0010  0100      011100010110
0x100        1010  1011  0011  0101      011100010111
0x110        1010  1011  0100  0110      011100011000
0x100        1010  1011  0101  0111      011100011001
0x110        1010  1011  0110  1000      011100011010
0x100        1010  1011  0111  1001      011100011011
0x110        1010  1011  1000  1010      011100011100
0x100        1010  1011  1001  1011      011100011101
0x110        1010  1011  1010  1100      011100011110
0x100        1010  1011  1011  1101      011100011111
0x110        1010  1011  1100  1110      011100100000
0x100        1010  1011  1101  1111      011100100001
0x110        1010  1011  1101  0000      011100100010
0x100        1010  1011  1110  0001      011100100011
0x110        1010  1011  1111  0010      011100100100
0x100        1011  1100  0000  0011      011100100101
0x110        1011  1100  0001  0100      011100100110
0x100        1011  1100  0010  0101      011100100111
0x110        1011  1100  0011  0110      011100101000
0x100        1011  1100  0100  0111      011100101001
0x110        1011  1100  0101  1000      011100101010
0x100        1011  1100  0110  1001      011100101011
0x110        1011  1100  0111  1010      011100101100
0x100        1011  1100  1000  1011      011100101101
0x110        1011  1100  1001  1100      011100101110
0x100        1011  1100  1010  1101      011100101111
0x110        1011  1100  1011  1110      011100110000
0x100        1011  1100  1100  1111      011100110001
0x110        1011  1100  1100  0000      011100110010
0x100        1011  1100  1101  0001      011100110011
0x110        1011  1100  1110  0010      011100110100
0x100        1011  1100  1111  0011      011100110101
0x110        1100  1101  0000  0100      011100110110
0x100        1100  1101  0001  0101      011100110111
0x110        1100  1101  0010  0110      011100111000
0x100        1100  1101  0011  0111      011100111001
0x110        1100  1101  0100  1000      011100111010
0x100        1100  1101  0101  1001      011100111011
0x110        1100  1101  0110  1010      011100111100
0x100        1100  1101  0111  1011      011100111101
0x110        1100  1101  1000  1100      011100111110
0x100        1100  1101  1001  1101      011100111111
0x110        1100  1101  1010  1110      011101000000
0x100        1100  1101  1011  1111      011101000001
0x110        1100  1101  1011  0000      011101000010
0x100        1100  1101  1100  0001      011101000011
0x110        1100  1101  1101  0010      011101000100
0x100        1100  1101  1110  0011      011101000101
0x110        1100  1101  1111  0100      011101000110
0x100        1101  1110  0000  0101      011101000111
0x110        1101  1110  0001  0110      011101001000
0x100        1101  1110  0010  0111      011101001001
0x110        1101  1110  0011  1000      011101001010
0x100        1101  1110  0100  1001      011101001011
0x110        1101  1110  0101  1010      011101001100
0x100        1101  1110  0110  1011      011101001101
0x110        1101  1110  0111  1100      011101001110
0x100        1101  1110  1000  1101      011101001111
0x110        1101  1110  1001  1110      011101010000
0x100        1101  1110  1010  1111      011101010001
0x110        1101  1110  1010  0000      011101010010
0x100        1101  1110  1011  0001      011101010011
0x110        1101  1110  1100  0010      011101010100
0x100        1101  1110  1101  0011      011101010101
0x110        1101  1110  1110  0100      011101010110
0x100        1101  1110  1111  0101      011101010111
0x110        1110  1111  0000  0110      011101011000
0x100        1110  1111  0001  0111      011101011001
0x110        1110  1111  0010  1000      011101011010
0x100        1110  1111  0011  1001      011101011011
0x110        1110  1111  0100  1010      011101011100
0x100        1110  1111  0101  1011      011101011101
0x110        1110  1111  0110  1100      011101011110
0x100        1110  1111  0111  1101      011101011111
0x110        1110  1111  1000  1110      011101100000
0x100        1110  1111  1001  1111      011101100001
0x110        1110  1111  1001  0000      011101100010
0x100        1110  1111  1010  0001      011101100011
0x110        1110  1111  1011  0010      011101100100
0x100        1110  1111  1100  0011      011101100101
0x110        1110  1111  1101  0100      011101100110
0x100        1110  1111  1110  0101      011101100111
0x110        1110  1111  1111  0110      011101101000
0x100        1110  0000  0000  0111      011101101001
0x110        1110  0000  0001  1000      011101101010
0x100        1110  0000  0010  1001      011101101011
0x110        1110  0000  0011  1010      011101101100
0x100        1110  0000  0100  1011      011101101101
0x110        1110  0000  0101  1100      011101101110
0x100        1110  0000  0110  1101      011101101111
0x110        1110  0000  0111  1110      011101110000
0x100        1110  0000  1000  1111      011101110001
0x110        1110  0000  1000  0000      011101110010
0x100        1110  0000  1001  0001      011101110011
0x110        1110  0000  1010  0010      011101110100
0x100        1110  0000  1011  0011      011101110101
0x110        1110  0000  1100  0100      011101110110
0x100        1110  0000  1101  0101      011101110111
0x110        1110  0000  1110  0110      011101111000
0x100        1110  0000  1111  0111      011101111001
0x110        1111  0001  0000  1000      011101111010
0x100        1111  0001  0001  1001      011101111011
0x110        1111  0001  0010  1010      011101111100
0x100        1111  0001  0011  1011      011101111101
0x110        1111  0001  0100  1100      011101111110
0x100        1111  0001  0101  1101      011101111111
0x110        1111  0001  0110  1110      011110000000
0x100        1111  0001  0111  1111      011110000001
0x110        1111  0001  0111  0000      011110000010
0x100        1111  0001  1000  0001      011110000011
0x110        1111  0001  1001  0010      011110000100
0x100        1111  0001  1010  0011      011110000101
0x110        1111  0001  1011  0100      011110000110
0x100        1111  0001  1100  0101      011110000111
0x110        1111  0001  1101  0110      011110001000
0x100        1111  0001  1110  0111      011110001001
0x110        1111  0001  1111  1000      011110001010
0x100        0000  0010  0000  1000      011110001011
0x110        0000  0010  0001  1001      011110001100
0x100        0000  0010  0010  1010      011110001101
0x110        0000  0010  0011  1011      011110001110
0x100        0000  0010  0100  1100      011110001111
0x110        0000  0010  0101  1101      011110010000
0x100        0000  0010  0110  1110      011110010001
0x110        0000  0010  0111  1111      011110010010
0x100        0000  0010  0111  0000      011110010011
0x110        0000  0010  1000  0001      011110010100
0x100        0000  0010  1001  0010      011110010101
0x110        0000  0010  1010  0011      011110010110
0x100        0000  0010  1011  0100      011110010111
0x110        0000  0010  1100  0101      011110011000
0x100        0000  0010  1101  0110      011110011001
0x110        0000  0010  1110  0111      011110011010
0x100        0000  0010  1111  1000      011110011011
0x110        0001  0011  0000  1001      011110011100
0x100        0001  0011  0001  1010      011110011101
0x110        0001  0011  0010  1011      011110011110
0x100        0001  0011  0011  1100      011110011111
0x110        0001  0011  0100  1101      011110100000
0x100        0001  0011  0101  1110      011110100001
0x110        0001  0011  0110  1111      011110100010
0x100        0001  0011  0110  0000      011110100011
0x110        0001  0011  0111  0001      011110100100
0x100        0001  0011  1000  0010      011110100101
0x110        0001  0011  1001  0011      011110100110
0x100        0001  0011  1010  0100      011110100111
0x110        0001  0011  1011  0101      011110101000
0x100        0001  0011  1100  0110      011110101001
0x110        0001  0011  1101  0111      011110101010
0x100        0001  0011  1110  1000      011110101011
0x110        0001  0011  1111  1001      011110101100
0x100        0010  0100  0000  1010      011110101101
0x110        0010  0100  0001  1011      011110101110
0x100        0010  0100  0010  1100      011110101111
0x110        0010  0100  0011  1101      011110110000
0x100        0010  0100  0100  1110      011110110001
0x110        0010  0100  0101  1111      011110110010
0x100        0010  0100  0101  0000      011110110011
0x110        0010  0100  0110  0001      011110110100
0x100        0010  0100  0111  0010      011110110101
0x110        0010  0100  1000  0011      011110110110
0x100        0010  0100  1001  0100      011110110111
0x110        0010  0100  1010  0101      011110111000
0x100        0010  0100  1011  0110      011110111001
0x110        0010  0100  1100  0111      011110111010
0x100        0010  0100  1101  1000      011110111011
0x110        0010  0100  1110  1001      011110111100
0x100        0010  0100  1111  1010      011110111101
0x110        0011  0101  0000  1011      011110111110
0x100        0011  0101  0001  1100      011110111111
0x110        0011  0101  0010  1101      011111000000
0x100        0011  0101  0011  1110      011111000001
0x110        0011  0101  0100  1111      011111000010
0x100        0011  0101  0100  0000      011111000011
0x110        0011  0101  0101  0001      011111000100
0x100        0011  0101  0110  0010      011111000101
0x110        0011  0101  0111  0011      011111000110
0x100        0011  0101  1000  0100      011111000111
0x110        0011  0101  1001  0101      011111001000
0x100        0011  0101  1010  0110      011111001001
0x110        0011  0101  1011  0111      011111001010
0x100        0011  0101  1100  1000      011111001011
0x110        0011  0101  1101  1001      011111001100
0x100        0011  0101  1110  1010      011111001101
0x110        0011  0101  1111  1011      011111001110
0x100        0100  0110  0000  1100      011111001111
0x110        0100  0110  0001  1101      011111010000
0x100        0100  0110  0010  1110      011111010001
0x110        0100  0110  0011  1111      011111010010
0x100        0100  0110  0011  0000      011111010011
0x110        0100  0110  0100  0001      011111010100
0x100        0100  0110  0101  0010      011111010101
0x110        0100  0110  0110  0011      011111010110
0x100        0100  0110  0111  0100      011111010111
0x110        0100  0110  1000  0101      011111011000
0x100        0100  0110  1001  0110      011111011001
0x110        0100  0110  1010  0111      011111011010
0x100        0100  0110  1011  1000      011111011011
0x110        0100  0110  1100  1001      011111011100
0x100        0100  0110  1101  1010      011111011101
0x110        0100  0110  1110  1011      011111011110
0x100        0100  0110  1111  1100      011111011111
0x110        0101  0111  0000  1101      011111100000
0x100        0101  0111  0001  1110      011111100001
0x110        0101  0111  0010  1111      011111100010
0x100        0101  0111  0010  0000      011111100011
0x110        0101  0111  0011  0001      011111100100
0x100        0101  0111  0100  0010      011111100101
0x110        0101  0111  0101  0011      011111100110
0x100        0101  0111  0110  0100      011111100111
0x110        0101  0111  0111  0101      011111101000
0x100        0101  0111  1000  0110      011111101001
0x110        0101  0111  1001  0111      011111101010
0x100        0101  0111  1010  1000      011111101011
0x110        0101  0111  1011  1001      011111101100
0x100        0101  0111  1100  1010      011111101101
0x110        0101  0111  1101  1011      011111101110
0x100        0101  0111  1110  1100      011111101111
0x110        0101  0111  1111  1101      011111110000
0x100        0110  1000  0000  1110      011111110001
0x110        0110  1000  0001  1111      011111110010
0x100        0110  1000  0001  0000      011111110011
0x110        0110  1000  0010  0001      011111110100
0x100        0110  1000  0011  0010      011111110101
0x110        0110  1000  0100  0011      011111110110
0x100        0110  1000  0101  0100      011111110111
0x110        0110  1000  0110  0101      011111111000
0x100        0110  1000  0111  0110      011111111001
0x110        0110  1000  1000  0111      011111111010
0x100        0110  1000  1001  1000      011111111011
0x110        0110  1000  1010  1001      011111111100
0x100        0110  1000  1011  1010      011111111101
0x110        0110  1000  1100  1011      011111111110
0x100        0110  1000  1101  1100      011111111111
0x110        0110  1000  1110  1101      100000000000
0x100        0110  1000  1111  1110      100000000001
0x110        0111  1001  0000  1111      100000000010
0x100        0111  1001  0000  0000      100000000011
0x110        0111  1001  0001  0001      100000000100
0x100        0111  1001  0010  0010      100000000101
0x110        0111  1001  0011  0011      100000000110
0x100        0111  1001  0100  0100      100000000111
0x110        0111  1001  0101  0101      100000001000
0x100        0111  1001  0110  0110      100000001001
0x110        0111  1001  0111  0111      100000001010
0x100        0111  1001  1000  1000      100000001011
0x110        0111  1001  1001  1001      100000001100
0x100        0111  1001  1010  1010      100000001101
0x110        0111  1001  1011  1011      100000001110
0x100        0111  1001  1100  1100      100000001111
0x110        0111  1001  1101  1101      100000010000
0x100        0111  1001  1110  1110      100000010001
0x110        0111  1001  1111  1111      100000010010
0x100        0111  1001  1111  0000      100000010011
0x110        1000  1010  0000  0001      100000010100
0x100        1000  1010  0001  0010      100000010101
0x110        1000  1010  0010  0011      100000010110
0x100        1000  1010  0011  0100      100000010111
0x110        1000  1010  0100  0101      100000011000
0x100        1000  1010  0101  0110      100000011001
0x110        1000  1010  0110  0111      100000011010
0x100        1000  1010  0111  1000      100000011011
0x110        1000  1010  1000  1001      100000011100
0x100        1000  1010  1001  1010      100000011101
0x110        1000  1010  1010  1011      100000011110
0x100        1000  1010  1011  1100      100000011111
0x110        1000  1010  1100  1101      100000100000
0x100        1000  1010  1101  1110      100000100001
0x110        1000  1010  1110  1111      100000100010
0x100        1000  1010  1110  0000      100000100011
0x110        1000  1010  1111  0001      100000100100
0x100        1001  1011  0000  0010      100000100101
0x110        1001  1011  0001  0011      100000100110
0x100        1001  1011  0010  0100      100000100111
0x110        1001  1011  0011  0101      100000101000
0x100        1001  1011  0100  0110      100000101001
0x110        1001  1011  0101  0111      100000101010
0x100        1001  1011  0110  1000      100000101011
0x110        1001  1011  0111  1001      100000101100
0x100        1001  1011  1000  1010      100000101101
0x110        1001  1011  1001  1011      100000101110
0x100        1001  1011  1010  1100      100000101111
0x110        1001  1011  1011  1101      100000110000
0x100        1001  1011  1100  1110      100000110001
0x110        1001  1011  1101  1111      100000110010
0x100        1001  1011  1101  0000      100000110011
0x110        1001  1011  1110  0001      100000110100
0x100        1001  1011  1111  0010      100000110101
0x110        1010  1100  0000  0011      100000110110
0x100        1010  1100  0001  0100      100000110111
0x110        1010  1100  0010  0101      100000111000
